-1568.992798, 2049.459229, 32.778210
-1568.959839, 2044.464600, 32.764454
-1568.905029, 2039.469116, 32.741123
-1568.845703, 2034.468140, 32.721668
-1568.784180, 2029.463379, 32.698299
-1568.721680, 2024.468994, 32.678867
-1568.658325, 2019.468872, 32.659412
-1568.594482, 2014.471802, 32.639969
-1568.530151, 2009.471436, 32.624405
-1568.465454, 2004.469727, 32.612724
-1568.400391, 1999.465332, 32.603111
-1568.335205, 1994.467896, 32.599220
-1568.269775, 1989.470337, 32.599220
-1568.204102, 1984.466309, 32.599220
-1568.138184, 1979.468994, 32.601288
-1568.072144, 1974.468262, 32.607002
-1568.005859, 1969.468018, 32.610893
-1567.939453, 1964.468262, 32.618675
-1567.872803, 1959.467896, 32.624638
-1567.806030, 1954.467896, 32.634243
-1567.739014, 1949.467896, 32.644093
-1567.671875, 1944.467651, 32.657837
-1567.604492, 1939.467651, 32.688717
-1567.536865, 1934.467896, 32.688717
-1567.469116, 1929.467529, 32.674465
-1567.401123, 1924.468872, 32.590710
-1567.332764, 1919.468628, 32.501461
-1567.264282, 1914.469971, 32.417706
-1567.195435, 1909.469849, 32.305531
-1567.126343, 1904.470947, 32.236546
-1567.057007, 1899.471191, 32.179207
-1566.987305, 1894.471924, 32.239895
-1566.917236, 1889.472412, 32.346733
-1566.846802, 1884.473022, 32.446049
-1566.776123, 1879.473755, 32.549255
-1566.704956, 1874.474121, 32.648361
-1566.633545, 1869.474976, 32.780991
-1566.561646, 1864.475464, 32.852139
-1566.489380, 1859.476074, 32.848248
-1566.416626, 1854.476807, 32.848248
-1566.343506, 1849.477295, 32.848248
-1566.270020, 1844.478027, 32.854168
-1566.196045, 1839.478760, 32.861950
-1566.121704, 1834.479370, 32.875484
-1566.046753, 1829.480225, 32.893070
-1565.971436, 1824.480591, 32.912529
-1565.895752, 1819.482056, 32.939758
-1565.819824, 1814.481934, 32.969013
-1565.743652, 1809.484131, 33.000122
-1565.667358, 1804.483398, 33.035149
-1565.591064, 1799.486084, 33.068146
-1565.514893, 1794.485229, 33.105171
-1565.438965, 1789.487793, 33.140171
-1565.363281, 1784.487793, 33.175194
-1565.287842, 1779.488647, 33.212105
-1565.212891, 1774.490845, 33.249100
-1565.138306, 1769.487305, 33.284145
-1565.064331, 1764.492432, 33.319126
-1564.990845, 1759.493042, 33.356056
-1564.917847, 1754.489014, 33.389191
-1564.845703, 1749.494629, 33.422203
-1564.774048, 1744.496338, 33.449432
-1564.703125, 1739.494141, 33.476677
-1564.632812, 1734.492920, 33.496136
-1564.563354, 1729.497559, 33.515572
-1564.494507, 1724.499756, 33.529182
-1564.426392, 1719.499878, 33.542801
-1564.358887, 1714.498291, 33.552528
-1564.292236, 1709.495605, 33.560310
-1564.226196, 1704.495361, 33.568092
-1564.160889, 1699.498779, 33.571983
-1564.096313, 1694.501343, 33.577812
-1564.032227, 1689.503174, 33.583656
-1563.968628, 1684.504517, 33.587547
-1563.905640, 1679.505615, 33.591438
-1563.843140, 1674.506226, 33.595329
-1563.781128, 1669.506592, 33.597252
-1563.719482, 1664.506592, 33.599220
-1563.658203, 1659.505737, 33.603111
-1563.597412, 1654.503906, 33.603111
-1563.536865, 1649.500610, 33.603111
-1563.476685, 1644.501587, 33.607002
-1563.416870, 1639.507080, 33.607002
-1563.357300, 1634.511597, 33.607002
-1563.297974, 1629.514282, 33.610893
-1563.238892, 1624.514160, 33.612785
-1563.180054, 1619.510498, 33.614784
-1563.121338, 1614.501953, 33.618675
-1563.062988, 1609.510620, 33.622566
-1563.004761, 1604.516968, 33.622566
-1562.946655, 1599.517334, 33.622566
-1562.888672, 1594.510132, 33.618675
-1562.830933, 1589.509277, 33.618675
-1562.773438, 1584.519043, 33.614784
-1562.715942, 1579.519287, 33.609024
-1562.658325, 1574.508179, 33.603111
-1562.601196, 1569.516479, 33.599220
-1562.544067, 1564.522583, 33.593472
-1562.486938, 1559.514526, 33.587547
-1562.429932, 1554.515137, 33.581772
-1562.373169, 1549.524414, 33.575874
-1562.316284, 1544.516113, 33.571983
-1562.259521, 1539.517822, 33.571983
-1562.203003, 1534.526001, 33.568092
-1562.146240, 1529.512939, 33.571983
-1562.089722, 1524.523560, 33.571983
-1562.033325, 1519.525391, 33.577721
-1561.976685, 1514.512085, 33.583656
-1561.920410, 1509.528931, 33.593269
-1561.863892, 1504.518311, 33.603111
-1561.807617, 1499.526123, 33.616631
-1561.751221, 1494.527832, 33.628296
-1561.694824, 1489.518799, 33.642025
-1561.638550, 1484.532349, 33.655518
-1561.581787, 1479.510132, 33.667274
-1561.525635, 1474.533691, 33.677044
-1561.468994, 1469.519531, 33.684826
-1561.412476, 1464.533203, 33.688717
-1561.355713, 1459.525757, 33.692608
-1561.299072, 1454.532227, 33.692608
-1561.242310, 1449.530029, 33.688717
-1561.185425, 1444.531494, 33.684826
-1561.128418, 1439.532593, 33.675228
-1561.071411, 1434.531738, 33.663548
-1561.014282, 1429.534058, 33.649807
-1560.956909, 1424.533203, 33.636314
-1560.899536, 1419.534424, 33.618286
-1560.842041, 1414.535645, 33.601303
-1560.784424, 1409.533447, 33.587547
-1560.726685, 1404.539062, 33.575874
-1560.668823, 1399.530518, 33.566807
-1560.610962, 1394.542725, 33.560310
-1560.552612, 1389.524902, 33.560310
-1560.494629, 1384.545654, 33.556419
-1560.435913, 1379.517090, 33.560310
-1560.377686, 1374.546631, 33.562073
-1560.318848, 1369.529785, 33.566032
-1560.260254, 1364.544312, 33.568092
-1560.201294, 1359.540771, 33.571983
-1560.142212, 1354.537109, 33.575874
-1560.083130, 1349.548584, 33.575874
-1560.023560, 1344.523071, 33.579765
-1559.964355, 1339.551270, 33.579765
-1559.904541, 1334.534302, 33.579765
-1559.844971, 1329.546387, 33.575874
-1559.785156, 1324.548828, 33.575874
-1559.724854, 1319.531738, 33.574051
-1559.664917, 1314.554688, 33.571983
-1559.604370, 1309.534668, 33.568092
-1559.544067, 1304.549316, 33.568092
-1559.483521, 1299.552368, 33.564201
-1559.422485, 1294.530273, 33.564201
-1559.361938, 1289.557373, 33.562481
-1559.300781, 1284.543457, 33.560310
-1559.239624, 1279.546387, 33.564201
-1559.178467, 1274.558838, 33.564201
-1559.116699, 1269.531128, 33.568092
-1559.055420, 1264.556152, 33.568092
-1558.993652, 1259.556641, 33.571983
-1558.931519, 1254.532104, 33.575874
-1558.869873, 1249.561523, 33.579765
-1558.807617, 1244.552979, 33.583656
-1558.745117, 1239.542480, 33.587547
-1558.682983, 1234.564453, 33.591438
-1558.620239, 1229.549438, 33.595329
-1558.557617, 1224.549072, 33.599220
-1558.494995, 1219.566406, 33.607002
-1558.431763, 1214.547363, 33.614784
-1558.368774, 1209.553467, 33.622566
-1558.305664, 1204.568115, 33.630352
-1558.242065, 1199.547607, 33.638134
-1558.178711, 1194.555420, 33.645916
-1558.115234, 1189.570068, 33.653698
-1558.051147, 1184.550171, 33.657589
-1557.987427, 1179.555420, 33.661480
-1557.923584, 1174.572021, 33.665371
-1557.859253, 1169.554932, 33.665371
-1557.794922, 1164.553467, 33.665371
-1557.730835, 1159.573730, 33.663712
-1557.666138, 1154.561523, 33.657589
-1557.601318, 1149.547974, 33.649807
-1557.536865, 1144.574219, 33.640366
-1557.471924, 1139.568848, 33.628674
-1557.406494, 1134.538696, 33.616882
-1557.341797, 1129.571045, 33.601444
-1557.276489, 1124.573242, 33.589779
-1557.210815, 1119.546387, 33.575874
-1557.145508, 1114.563232, 33.564201
-1557.080078, 1109.573975, 33.556419
-1557.014160, 1104.558716, 33.548637
-1556.948364, 1099.552734, 33.544746
-1556.882690, 1094.571289, 33.540855
-1556.816650, 1089.566406, 33.540855
-1556.750244, 1084.539551, 33.540855
-1556.684448, 1079.564819, 33.544746
-1556.618286, 1074.569702, 33.544746
-1556.551758, 1069.554443, 33.548637
-1556.485352, 1064.555176, 33.548637
-1556.419067, 1059.568115, 33.548637
-1556.352417, 1054.563232, 33.548637
-1556.285522, 1049.543091, 33.548637
-1556.219116, 1044.562378, 33.548637
-1556.152466, 1039.566406, 33.548637
-1556.085449, 1034.555420, 33.550369
-1556.018555, 1029.553589, 33.552528
-1555.951782, 1024.564331, 33.556419
-1555.884766, 1019.562256, 33.560310
-1555.817505, 1014.548096, 33.564201
-1555.750488, 1009.558716, 33.568092
-1555.683472, 1004.563232, 33.573685
-1555.616089, 999.557617, 33.579765
-1555.548706, 994.551147, 33.583656
-1555.481567, 989.560181, 33.587547
-1555.414185, 984.560791, 33.591438
-1555.346680, 979.553589, 33.595329
-1555.279297, 974.555176, 33.599220
-1555.211792, 969.559814, 33.603111
-1555.144287, 964.558228, 33.607002
-1555.076538, 959.551025, 33.614784
-1555.009033, 954.556641, 33.622566
-1554.941406, 949.558350, 33.632069
-1554.873657, 944.555908, 33.642025
-1554.805908, 939.553589, 33.653698
-1554.738159, 934.556274, 33.665371
-1554.670288, 929.556396, 33.677044
-1554.602539, 924.554932, 33.688717
-1554.534668, 919.554565, 33.698231
-1554.466797, 914.555054, 33.706013
-1554.398804, 909.555176, 33.712063
-1554.330933, 904.555664, 33.712063
-1554.262939, 899.553955, 33.712063
-1554.194824, 894.553467, 33.704281
-1554.126831, 889.554688, 33.696499
-1554.058838, 884.556152, 33.686993
-1553.990723, 879.552246, 33.673153
-1553.922607, 874.552002, 33.659737
-1553.854614, 869.555908, 33.644184
-1553.786499, 864.554199, 33.628616
-1553.718262, 859.550171, 33.613037
-1553.650146, 854.551758, 33.601368
-1553.582153, 849.559692, 33.587547
-1553.513794, 844.551392, 33.578018
-1553.445557, 839.548462, 33.568092
-1553.377441, 834.553467, 33.558575
-1553.309326, 829.558350, 33.546921
-1553.240967, 824.548218, 33.535206
-1553.172729, 819.547852, 33.523533
-1553.104614, 814.558105, 33.508011
-1553.036377, 809.552734, 33.492424
-1552.968018, 804.545166, 33.476830
-1552.899780, 799.549805, 33.462646
-1552.831787, 794.564453, 33.449669
-1552.763306, 789.547119, 33.434036
-1552.694946, 784.544189, 33.422352
-1552.626953, 779.555908, 33.412453
-1552.558594, 774.554810, 33.402935
-1552.490234, 769.542236, 33.392998
-1552.422119, 764.546631, 33.385216
-1552.354126, 759.568970, 33.377434
-1552.285645, 754.545532, 33.369648
-1552.217407, 749.540894, 33.361866
-1552.149414, 744.556274, 33.352360
-1552.081177, 739.554199, 33.342411
-1552.012817, 734.538696, 33.332836
-1551.944824, 729.546143, 33.321190
-1551.876953, 724.568237, 33.311283
-1551.808472, 719.540894, 33.303501
-1551.740356, 714.539062, 33.299610
-1551.672729, 709.563354, 33.295719
-1551.604370, 704.546875, 33.295719
-1551.536255, 699.534912, 33.295719
-1551.468506, 694.552490, 33.299610
-1551.400635, 689.555786, 33.299610
-1551.332397, 684.533447, 33.303501
-1551.264771, 679.544312, 33.303501
-1551.197144, 674.566040, 33.307392
-1551.128906, 669.533813, 33.311283
-1551.061279, 664.538574, 33.313080
-1550.994141, 659.575806, 33.315197
-1550.925903, 654.534302, 33.320877
-1550.858276, 649.534546, 33.326847
-1550.791382, 644.577271, 33.332386
-1550.723389, 639.534180, 33.338520
-1550.655884, 634.532227, 33.346302
-1550.589233, 629.578003, 33.354084
-1550.521362, 624.532104, 33.359798
-1550.454102, 619.532104, 33.365757
-1550.387695, 614.579468, 33.373539
-1550.319946, 609.527466, 33.377434
-1550.253174, 604.535522, 33.383133
-1550.186768, 599.565430, 33.389107
-1550.119507, 594.521729, 33.390968
-1550.053223, 589.546631, 33.392998
-1549.986816, 584.545776, 33.396889
-1549.920166, 579.522949, 33.396889
-1549.854736, 574.575073, 33.398540
-1549.788086, 569.529663, 33.400780
-1549.722290, 564.539551, 33.400780
-1549.656860, 559.556519, 33.400780
-1549.590942, 554.527832, 33.400780
-1549.526367, 549.582886, 33.400780
-1549.460571, 544.531128, 33.396889
-1549.395996, 539.556763, 33.395161
-1549.331055, 534.542603, 33.392998
-1549.266602, 529.544067, 33.389107
-1549.202637, 524.556030, 33.389107
-1549.138550, 519.539673, 33.389107
-1549.075317, 514.566650, 33.389107
-1549.011597, 509.539429, 33.392998
-1548.949097, 504.570557, 33.396889
-1548.886108, 499.541992, 33.400780
-1548.824341, 494.567505, 33.404671
-1548.762329, 489.547363, 33.408562
-1548.701172, 484.558838, 33.412453
-1548.640381, 479.559082, 33.412453
-1548.580078, 474.549072, 33.412453
-1548.520874, 469.583862, 33.408562
-1548.461426, 464.547729, 33.406799
-1548.403442, 459.568848, 33.400780
-1548.345947, 454.568115, 33.396889
-1548.289062, 449.551025, 33.391247
-1548.233643, 444.572144, 33.385216
-1548.179077, 439.578247, 33.379681
-1548.125366, 434.557373, 33.373539
-1548.073242, 429.558838, 33.365757
-1548.022705, 424.574707, 33.360210
-1547.973877, 419.597290, 33.354084
-1547.926636, 414.581787, 33.350193
-1547.881592, 409.574341, 33.350193
-1547.838989, 404.572388, 33.346302
-1547.799316, 399.574341, 33.346302
-1547.762939, 394.580688, 33.350193
-1547.730591, 389.593994, 33.350193
-1547.702759, 384.583130, 33.354084
-1547.680542, 379.573120, 33.357975
-1547.665161, 374.588745, 33.357975
-1547.657959, 369.578491, 33.361866
-1547.661133, 364.594482, 33.361866
-1547.677124, 359.593018, 33.363453
-1547.709229, 354.594971, 33.365757
-1547.762817, 349.589478, 33.369648
-1547.846069, 344.593750, 33.373539
-1547.973389, 339.601074, 33.377434
-1548.174316, 334.604370, 33.381325
-1548.520264, 329.613159, 33.381325
-1549.209351, 324.667847, 33.369663
-1550.275391, 319.783813, 33.354084
-1551.623169, 314.970337, 33.342411
-1553.347656, 310.278564, 33.342411
-1555.502197, 305.768677, 33.342411
-1558.196655, 301.562866, 33.342411
-1561.624390, 297.936157, 33.342411
-1565.780151, 295.176758, 33.342411
-1570.433472, 293.366577, 33.342411
-1575.270386, 292.102661, 33.342411
-1580.167358, 291.101807, 33.340321
-1585.103394, 290.311157, 33.236008
-1590.061890, 289.680786, 33.115044
-1595.033813, 289.174438, 33.001354
-1600.016357, 288.764404, 32.878868
-1605.003052, 288.423218, 32.754818
-1609.997437, 288.129150, 32.645958
-1614.983887, 287.869019, 32.521652
-1619.977661, 287.633179, 32.382195
-1624.979248, 287.415161, 32.276989
-1629.966064, 287.212036, 32.186905
-1634.963623, 287.019409, 32.182880
-1639.961914, 286.835938, 32.182880
-1644.957031, 286.659912, 32.186771
-1649.949707, 286.489868, 32.190662
-1654.946655, 286.324585, 32.194553
-1659.954224, 286.163330, 32.198444
-1664.938599, 286.005981, 32.198444
-1669.947388, 285.850586, 32.202335
-1674.934692, 285.698608, 32.205971
-1679.930298, 285.548218, 32.206226
-1684.936279, 285.399292, 32.209869
-1689.937866, 285.252075, 32.210117
-1694.927246, 285.106323, 32.210117
-1699.920898, 284.961914, 32.214008
-1704.916870, 284.818237, 32.214008
-1709.913818, 284.675415, 32.217899
-1714.911255, 284.533325, 32.217899
-1719.909668, 284.391846, 32.221790
-1724.909302, 284.251099, 32.225327
-1729.911255, 284.110596, 32.225681
-1734.916992, 283.970459, 32.233139
-1739.916504, 283.830933, 32.237354
-1744.902954, 283.692139, 32.241245
-1749.894287, 283.553467, 32.248615
-1754.893066, 283.415161, 32.252918
-1759.902466, 283.276489, 32.256809
-1764.902588, 283.138550, 32.263672
-1769.886963, 283.000977, 32.264591
-1774.886719, 282.863403, 32.268482
-1779.902100, 282.725464, 32.271992
-1784.886963, 282.588623, 32.272373
-1789.880737, 282.451416, 32.272373
-1794.893799, 282.314087, 32.272373
-1799.882935, 282.177368, 32.272373
-1804.876953, 282.040771, 32.272373
-1809.892334, 281.903564, 32.272373
-1814.875854, 281.767456, 32.276264
-1819.875488, 281.630981, 32.276264
-1824.883789, 281.494385, 32.280155
-1829.869263, 281.358398, 32.284046
-1834.878662, 281.222046, 32.287468
-1839.869751, 281.085815, 32.287937
-1844.867920, 280.949829, 32.291828
-1849.874023, 280.813599, 32.295719
-1854.862427, 280.677856, 32.295719
-1859.874512, 280.541626, 32.299610
-1864.860352, 280.406250, 32.299610
-1869.864746, 280.270386, 32.299610
-1874.859863, 280.134644, 32.295719
-1879.858154, 279.999146, 32.295719
-1884.860352, 279.863281, 32.295719
-1889.853394, 279.727783, 32.291828
-1894.860840, 279.591919, 32.291828
-1899.849854, 279.456787, 32.291828
-1904.859863, 279.321167, 32.295174
-1909.847046, 279.185913, 32.299019
-1914.853638, 279.050171, 32.303501
-1919.844727, 278.915039, 32.314571
-1924.848389, 278.779663, 32.326847
-1929.842285, 278.644653, 32.341797
-1934.843994, 278.509033, 32.353477
-1939.839966, 278.373901, 32.365757
-1944.839966, 278.238647, 32.373539
-1949.837524, 278.103394, 32.377434
-1954.836304, 277.968384, 32.377434
-1959.834961, 277.833130, 32.374184
-1964.833008, 277.698120, 32.373539
-1969.832031, 277.562866, 32.369648
-1974.829834, 277.427612, 32.365757
-1979.829224, 277.292603, 32.361866
-1984.826782, 277.157593, 32.361866
-1989.826294, 277.022339, 32.361866
-1994.823730, 276.887451, 32.361866
-1999.823120, 276.752319, 32.365757
-2004.820801, 276.617310, 32.369648
-2009.819946, 276.482300, 32.373539
-2014.817749, 276.347290, 32.380611
-2019.816650, 276.212280, 32.385216
-2024.814697, 276.077271, 32.392998
-2029.813599, 275.942261, 32.396889
-2034.811768, 275.807251, 32.403934
-2039.810303, 275.672241, 32.408562
-2044.808838, 275.537231, 32.412453
-2049.807129, 275.402344, 32.412453
